-1.120549 0.821173 38.781881
-1.074470 0.872544 38.837947
-1.064629 0.862270 38.928828
-0.964851 0.966285 36.329842
-0.997000 0.952066 39.149581
-0.951288 0.937719 39.212106
-1.171395 0.839031 38.806261
-0.982188 0.818412 38.613511
-1.006182 0.931498 37.542014
-0.891742 1.020280 36.541464
-0.860122 1.126883 35.596281
-0.859196 1.158645 35.425094
-1.514068 1.140175 35.151067
-0.808356 0.986303 35.082042
-1.361374 0.997067 35.634333
-1.843450 1.043088 36.007178
-1.607135 0.999483 36.117850
-0.893295 0.807821 35.938658
-0.767528 0.961324 35.751844
-0.730658 1.004015 35.553539
-0.789865 0.922964 35.343567
-0.964916 0.788341 35.515058
-0.794243 1.104098 35.688322
-1.225743 0.954723 35.860831
-1.907408 0.905921 35.734144
-1.097796 0.910669 35.945506
-0.961609 0.877608 35.305050
-0.786089 0.748557 29.015200
-0.891751 0.780861 36.125889
-0.895853 0.895442 36.044889
-0.860931 0.854281 35.493350
-0.945806 0.552151 35.776128
-1.002429 0.581194 35.547419
-1.027079 0.648394 35.287903
-0.898600 0.953323 31.970350
-0.971030 0.923409 34.800408
-0.946708 0.855505 34.700094
-0.906694 0.690422 34.608864
-0.871962 0.561934 34.507014
-0.811904 0.927803 34.416803
-0.924159 0.630103 34.283100
-1.058720 1.082601 33.891592
-0.908661 0.873837 33.562975
-0.781989 0.657906 33.192836
-0.676435 0.802725 32.616997
-0.614192 0.972001 32.483603
-0.699319 0.956151 32.049667
-0.677385 0.964866 31.623906
-0.580860 0.791426 31.203694
-0.573256 1.004906 30.694058
-0.443503 1.122830 31.631806
-0.738663 1.143059 31.335311
-1.082554 0.996443 30.159631
-0.659116 1.140939 29.719278
-0.438532 1.043174 24.449647
-0.546823 0.852823 26.683306
-0.416980 0.937335 24.792056
-0.341447 1.006973 25.444933
-0.503188 0.885895 30.991181
-0.365329 0.869205 29.843731
-0.279005 0.875264 24.275286
-0.250319 0.859344 24.695339
-0.208578 0.872507 25.973994
-0.195150 0.819626 25.548989
-0.173060 0.970396 24.824722
-0.194156 0.976584 26.610639
-0.135625 0.936606 24.875786
-0.102477 0.959789 25.645861
-0.021474 1.038624 27.693036
-0.040513 1.035662 26.162719
-0.146298 0.928356 22.361039
-0.099678 0.854615 29.501733
-0.040846 0.896639 26.728575
-0.020756 1.022354 26.772400
-0.001704 0.969653 28.811997
-0.053101 0.842511 29.228453
-0.816712 0.970098 29.806472
-0.038327 0.966885 27.426458
0.010485 0.968348 26.018086
-0.013587 1.063309 23.476011
-0.028319 1.026087 25.274750
-0.051921 0.815965 23.732950
0.029066 0.936494 29.443592
0.037328 0.972321 24.659458
0.096217 1.012239 26.013028
-0.006608 1.014230 24.890228
0.003337 0.952416 24.978019
-0.021945 1.021544 26.364539
0.045496 1.053123 24.797244
0.276975 1.225221 29.534117
-0.036518 1.100614 25.380047
-0.018381 0.967851 22.812142
-0.121084 0.973472 22.728497
-0.091262 1.003030 21.721319
-0.091958 1.061389 22.290758
-0.130061 1.098973 22.526378
-0.136360 1.040592 22.495325
-0.170147 0.938930 21.673197
-0.181870 0.955207 21.589222
-0.213205 0.973492 22.014206
-0.230711 0.932823 22.801956
-0.239253 0.963726 22.329875
-0.266499 1.009992 21.441233
-0.215076 1.090746 22.929469
-0.252712 1.101297 24.808508
-0.311950 1.132128 26.161281
-0.348063 1.017386 22.519136
-0.379097 1.016791 22.535089
-0.416855 1.023428 22.709714
-0.452748 1.044925 22.140247
-0.507044 1.017676 22.079081
-0.560931 0.995447 21.352211
-0.622115 1.009445 20.752925
-0.686358 1.020397 22.239142
-0.710482 1.065459 20.613617
-0.741215 1.041676 21.312247
-0.826527 1.061558 21.547275
-0.885777 1.055491 22.338539
-0.932251 1.032044 22.942778
-1.011625 0.968852 23.805517
-1.048008 0.931449 23.913814
-0.902029 1.008270 21.126331
-0.875119 1.023340 21.502111
-0.858825 1.045022 21.901511
-0.872520 0.898259 21.939119
-0.808307 1.056475 22.372414
-0.775259 1.022851 21.089347
-0.726406 1.086557 21.173344
-0.760243 1.097449 21.273303
-0.806686 1.104612 21.321336
-0.887817 1.055341 25.429942
-0.820223 1.122579 21.998817
-0.707828 1.137585 21.729683
-0.970265 0.931158 26.374456
-1.015772 1.067814 26.270033
-0.935015 1.036980 26.232819
-0.917313 0.996513 26.227683
-0.815256 1.102988 22.306111
-0.832565 1.121445 22.615339
-0.862485 1.106684 22.498194
-0.859157 1.126647 21.811806
-0.952711 1.082524 24.328164
-1.074686 1.006679 26.060897
-0.955279 1.084349 23.356586
-0.960385 1.078621 22.625989
-0.950966 1.069428 21.510186
-0.937106 1.110145 21.934067
-0.921281 1.089410 20.643933
-1.003735 1.110137 23.123839
-0.987414 1.091070 21.552169
-1.053251 1.076911 22.646806
-1.271544 0.951402 26.396281
-1.139841 1.093902 25.224544
-0.994514 1.153258 22.134783
-0.955144 1.160141 22.693614
-0.940804 1.163321 22.740022
-0.921042 1.182339 22.446019
-0.873853 1.161161 21.157128
-0.855475 1.318383 24.868525
-0.842197 1.234259 24.428208
-0.872098 1.202401 22.439067
-0.882704 1.188504 23.887189
-0.905156 1.219109 25.734844
-0.930475 1.202298 26.397228
-0.901489 1.260566 25.667117
-0.897840 1.204534 25.614631
-0.864216 1.263970 26.129328
-0.865573 1.175280 27.093142
-0.930806 1.076634 27.179014
-1.468653 1.284342 26.594464
-0.781133 1.319981 26.230467
-0.740829 1.332452 26.214925
-0.839230 1.145264 25.619403
-0.777852 1.221591 27.956453
-0.723707 1.211679 27.987778
-0.737311 1.222826 28.013283
-0.775448 1.063780 28.073094
-0.565652 1.278268 25.731736
-0.846647 1.209211 28.430306
-0.703410 1.223034 28.754900
-0.589054 1.249155 29.084117
-0.487251 1.162197 29.463450
-1.444850 1.140536 29.515847
-0.454759 1.210555 28.848125
-0.526436 1.062235 29.913867
-0.432379 1.254384 29.995867
-0.973216 0.905451 29.863158
-1.300319 0.995030 30.085189
-1.746399 1.067749 29.951064
-0.940991 1.183209 29.860125
-0.212203 1.226900 29.741844
-0.034742 1.218789 29.579242
-0.301007 1.355273 29.773522
-0.099223 1.297055 28.797747
-0.582094 1.169239 29.502839
-0.483716 1.221917 29.453433
-0.047347 1.345670 28.459464
-0.000137 1.303576 30.533225
-0.607011 1.327956 30.360347
-0.898308 1.461956 30.609822
-1.222029 1.069050 30.278097
-0.499353 1.176777 30.942844
-0.000054 1.245491 31.164725
-0.027154 1.201099 31.744125
0.032634 1.269365 32.280744
-0.022544 1.144525 32.603894
-0.031701 1.099638 32.016689
-0.197186 1.121495 34.429183
0.332327 1.287808 33.469044
-0.197209 1.138682 32.492369
-0.101035 1.042822 31.550097
-0.169832 1.185107 31.158194
-0.026869 1.260306 32.171233
-0.090103 1.249100 33.003314
-0.048987 1.195532 31.120306
-0.761252 0.955703 32.665100
-1.010473 1.075680 32.770953
-0.067959 1.047084 32.447650
-1.318149 1.082420 31.947275
-0.062427 1.066291 31.531164
-1.032890 1.178638 31.503475
-0.800269 1.194141 31.273733
-0.745924 1.439677 31.291603
-0.049113 1.092522 31.815875
-0.610164 1.061820 32.275236
-1.233558 1.050650 32.694064
0.060328 1.215617 33.164136
-1.209121 1.057644 33.622667
-0.022680 1.206464 33.251472
0.005832 1.259550 32.878353
-0.887332 0.949920 32.963333
-0.073102 1.203438 33.067647
-0.133863 1.258676 33.160192
-1.498446 1.076031 33.412344
-0.193473 1.212937 33.677175
-0.245714 1.145835 33.941336
-0.309395 1.093243 34.206128
-0.375991 1.061947 34.477067
-0.350551 1.119651 34.640917
-0.320638 1.211773 34.804014
-0.378758 1.253174 34.971169
